3.33967
1.290194
3.008254
0.9644746
2.277619
3.346307
2.619532
2.026695
5.376122
2.815226
0.7707019
5.839011
2.323023
1.991052
4.268382
4.900088
1.955491
7.71697
1.731315
3.591504
0.4734903
4.56482
5.876633
3.428873
2.382272
3.255399
6.369243
2.782847
1.524609
1.754181
3.279959
4.443182
1.481472
4.236529
3.519851
1.089142
3.735052
4.578795
0.06452067
0.7957793
2.40122
4.458583
1.941482
3.504432
2.921863
2.407916
4.78193
9.069866
5.194848
0.9622355
1.410548
2.140497
2.347252
3.062777
1.965048
3.833996
7.512986
2.447641
1.084435
4.169136
0.4381359
3.06032
1.545773
2.177646
0.1793598
2.272687
2.992798
8.086659
3.662645
4.29324
3.070646
0.7567496
1.028927
1.391194
4.289152
0.6081134
1.391351
3.23567
3.139414
4.982787
4.298509
1.564693
1.538538
3.376996
1.478708
5.380269
1.597695
1.354273
1.444859
4.656241
0.8849216
1.301833
5.454472
1.193387
2.262324
5.419676
3.100881
0.5970867
1.448302
1.057375
3.689757
3.758327
1.254793
3.143381
4.615022
3.141421
0.1875264
3.852055
6.932784
0.1679613
1.607115
3.759089
4.002531
0.5337553
1.974176
2.042464
0.7935653
3.401732
1.564707
6.747441
2.61825
0.5953062
2.16459
2.12532
2.082258
6.103157
0.6530069
5.264701
4.102894
0.862075
1.345372
1.710471
0.286388
3.400247
3.835603
1.214106
2.645698
2.780296
3.883201
3.082873
3.636928
2.461894
1.381855
1.889229
4.816664
0.04002154
1.804042
1.023509
1.600217
4.500902
2.573423
3.795063
4.814457
2.359295
5.153963
1.303788
1.065816
0.2087485
1.622586
2.054672
2.111861
2.748566
0.9634392
0.7945749
2.286736
1.421775
1.32571
0.4156063
4.755736
4.674234
5.247611
2.439102
3.817663
4.700502
3.764275
2.525148
0.3662143
4.830523
4.355684
1.000676
2.862029
2.268542
0.8763586
3.375636
3.655277
2.571225
3.944688
2.37385
1.217417
1.556862
2.372655
2.20124
3.025361
0.5224896
5.524862
5.345459
3.309493
2.809114
3.210662
6.169429
5.749878
3.454663
4.203738
5.678899
1.540598
1.751178
3.812189
1.099624
0.993013
2.767162
3.401525
2.477505
8.52019
3.235639
3.463835
5.649676
1.146613
0.1582714
0.9952359
5.131222
2.074217
3.20284
2.384902
4.900451
0.5751998
2.204607
3.060368
1.84076
1.669406
3.45321
6.088875
2.502108
3.106571
2.614846
3.236468
0.2743571
9.720911
1.660971
2.199772
5.670572
7.291824
0.3250654
3.612378
0.5059034
0.1932621
0.6858062
2.377554
0.6686712
6.108114
5.391938
0.4429275
2.682755
3.552639
0.7749451
2.005577
3.01304
0.7930363
1.060299
1.327287
1.992916
4.700875
1.819203
0.5591321
4.654386
3.760395
1.53577
2.297136
1.272924
2.843744
3.117299
0.7179282
2.531748
1.127903
1.006603
2.904354
1.223412
1.8782
3.283711
3.042017
2.835886
3.919785
0.6927811
2.08917
2.870295
0.6441135
4.21093
0.8005488
1.004568
3.054197
2.615611
4.407273
1.322887
1.201203
1.830127
4.504254
3.017962
4.538707
4.120444
6.053381
6.942038
5.380615
4.335999
2.656123
2.162574
3.757393
3.492524
1.646122
1.168049
0.9856903
0.6662483
2.360909
3.545586
4.347714
3.937589
2.061066
4.358752
3.574797
1.032508
7.39705
2.633889
6.438316
1.462479
0.9494295
0.4648387
1.446218
2.026153
0.9124349
3.881412
4.397119
3.419772
1.782372
3.618686
1.571875
3.210864
3.410969
2.29869
6.446155
3.10678
0.305417
2.541243
1.400006
3.528382
0.7718094
5.286429
7.621762
1.162757
1.822996
3.418799
2.955908
2.5473
2.090033
0.278885
4.881657
1.376821
4.139924
3.61974
0.3769979
2.064464
2.676292
4.004411
5.748124
3.286473
1.51047
5.88901
0.8702853
4.109732
1.676304
2.637795
1.231014
5.918789
0.9184017
2.701865
4.793355
4.418518
0.2057961
5.7856
3.22721
2.364478
5.842077
0.5496246
6.355752
1.514913
0.9125698
3.518716
3.788732
5.918777
1.177969
3.123408
1.99119
0.4468761
2.151623
1.104786
0.1927879
3.518322
2.630416
0.6834318
1.322108
1.497927
1.843785
0.7569634
0.8706813
1.304026
3.111319
0.2887793
2.169167
1.248246
4.044433
0.9560432
1.332663
0.95945
2.14835
0.9598709
0.303449
2.726332
1.954486
1.428923
1.175339
4.794289
8.632748
1.648785
6.359231
2.169691
0.9308102
2.10665
3.892873
2.438394
4.667939
1.574764
5.566381
3.036647
0.5945637
0.7527455
3.202904
1.224951
1.934968
5.769157
0.08848226
0.8787558
1.217541
1.320961
4.609299
3.353098
5.085653
0.454049
1.816567
2.175789
0.8629849
2.999207
2.18485
0.6254883
1.634316
0.1912166
8.187567
4.984699
3.69697
0.6566089
3.000451
5.501093
1.433934
1.374088
8.432524
3.19034
2.614557
0.7431982
2.857846
0.6139208
4.575755
1.336176
1.620206
1.048519
0.5563472
0.5771137
1.174274
6.268806
4.569586
1.518635
1.081865
1.06451
1.481405
5.535371
2.396528
1.829257
2.325866
1.203234
4.363752
2.284216
2.127221
0.2359516
4.131909
1.507195
1.75809
2.808533
4.735154
2.324429
1.939218
1.154282
3.655911
1.781585
0.4997179
0.7846442
